*Partition PartitionName
*Vertices 180
0
1
1
2
1
1
1
3
4
5
5
6
33
5
5
38
7
5
8
9
5
5
5
31
32
47
12
5
10
5
5
11
11
12
13
13
14
15
32
16
17
18
19
12
47
20
21
22
23
24
25
26
27
28
13
29
13
30
13
13
31
31
14
32
32
32
6
6
33
33
33
33
33
6
38
34
35
36
37
12
6
2
48
46
2
6
6
6
2
2
15
6
38
38
38
38
16
7
5
8
9
39
39
2
2
12
12
48
12
12
40
12
41
12
12
12
12
17
42
42
18
43
43
2
2
12
19
44
44
34
45
45
46
47
47
20
21
48
35
12
22
49
49
6
23
2
2
36
24
37
12
25
50
50
40
26
27
51
52
46
51
52
6
53
53
54
2
55
2
2
41
54
55
3
28
29
30
10
4
4
4
