*Partition PartitionName
*Vertices 359
0
1
1
2
2
2
2
3
2
4
4
4
5
5
5
6
6
6
7
8
8
7
74
7
7
7
9
9
3
7
15
10
10
10
10
11
11
11
11
11
11
12
12
12
12
11
11
13
13
13
11
11
14
14
14
12
15
15
16
16
16
16
17
17
72
17
17
17
25
18
18
18
19
19
19
20
20
11
21
12
21
12
21
22
22
22
22
23
23
25
24
24
25
26
26
26
26
25
31
25
25
25
25
81
28
28
27
27
28
28
28
28
29
29
30
30
30
30
31
31
35
35
35
35
30
32
32
32
32
33
33
33
33
32
34
34
34
34
36
36
36
36
35
35
35
36
36
36
36
36
37
37
38
38
38
39
39
39
40
40
40
40
42
40
40
41
41
41
41
41
42
42
42
42
42
76
43
42
43
43
42
44
50
45
45
45
45
46
46
46
46
46
49
47
47
47
47
47
47
48
49
48
50
50
49
49
49
49
49
49
48
50
50
50
51
51
51
52
52
52
53
53
53
53
54
54
54
53
51
51
51
55
55
51
51
55
51
51
56
57
57
57
83
58
58
58
58
58
59
59
59
59
59
61
61
61
56
60
60
60
52
61
61
62
62
62
62
62
78
63
63
63
63
65
65
64
64
65
65
66
67
66
67
67
68
68
68
68
69
69
69
69
70
70
70
71
71
71
73
72
73
73
73
74
74
44
44
44
44
75
79
76
76
77
77
78
77
77
77
77
79
79
79
79
79
78
78
78
78
78
80
66
78
83
75
75
24
24
24
81
81
81
72
80
82
82
44
44
83
83
83
83
83
61
64
84
84
84
52
61
