*Partition PartitionName
*Vertices 359
0
1
1
1
1
1
1
5
1
2
2
2
3
3
3
4
4
4
5
4
4
5
62
5
5
6
6
6
5
5
11
7
7
7
7
8
8
8
8
8
8
8
9
9
9
8
8
10
10
10
8
8
8
8
8
9
11
11
11
11
11
11
12
12
61
12
12
12
20
13
14
13
14
14
14
15
15
8
16
9
16
9
16
17
17
17
20
18
18
20
19
19
20
21
21
21
21
20
20
20
20
20
20
67
22
22
22
22
22
22
22
22
23
23
23
23
23
23
27
27
27
27
27
27
23
24
24
24
24
25
25
25
25
24
26
26
26
26
28
28
28
24
27
27
27
28
28
28
28
30
29
29
30
30
30
31
31
31
32
32
32
32
34
32
32
33
33
33
33
33
34
34
34
34
34
63
35
34
35
35
36
36
41
37
37
37
37
37
37
37
37
37
40
38
38
38
38
38
38
39
40
39
41
41
40
40
40
40
40
40
39
41
41
41
42
42
42
42
42
42
43
43
43
43
44
44
44
42
42
42
42
45
45
42
42
45
42
42
46
47
47
47
68
48
48
48
48
48
49
49
49
49
49
51
51
51
46
50
50
50
42
51
51
52
52
52
52
52
65
53
53
53
53
55
55
54
54
55
55
55
56
55
56
56
57
57
57
57
58
58
58
58
59
59
59
60
60
60
67
61
67
67
67
62
62
36
36
36
36
65
66
63
63
64
64
65
64
64
64
64
66
66
66
66
66
65
65
65
65
65
65
55
65
68
65
65
19
19
19
67
67
67
61
65
65
65
36
36
68
68
68
68
68
51
54
69
69
69
65
51
