*Partition PartitionName
*Vertices 359
0
1
1
2
2
2
2
3
2
4
4
4
5
5
5
6
6
6
7
8
8
7
92
7
7
7
9
9
3
10
17
11
11
11
11
11
12
12
12
12
12
13
13
13
13
12
14
14
14
14
12
15
16
16
16
13
17
17
18
18
18
18
19
90
90
19
19
19
26
20
20
20
21
21
21
22
22
15
13
13
23
13
23
24
24
24
24
25
25
26
27
27
28
29
29
29
29
28
36
28
28
28
26
101
30
30
31
31
32
33
33
32
34
34
35
35
35
35
36
36
36
43
43
43
35
37
37
37
37
38
38
38
38
37
39
39
40
40
41
41
42
42
43
43
43
42
44
44
44
44
45
45
46
46
46
47
47
47
48
48
48
48
51
48
48
49
49
49
50
50
51
51
51
51
50
52
53
51
53
53
51
54
64
55
55
56
56
57
57
57
57
62
62
58
59
59
59
59
59
60
63
60
64
64
61
61
62
62
63
63
60
60
64
64
65
66
66
67
67
67
68
68
68
68
69
69
69
70
70
70
66
71
72
66
66
72
66
66
73
74
74
74
103
75
75
75
75
75
75
76
76
76
76
73
77
77
77
78
76
79
80
80
80
80
80
96
81
81
81
81
81
83
82
82
83
83
84
85
84
85
85
86
86
86
86
87
87
87
87
88
88
88
89
89
89
91
90
91
91
91
92
92
54
54
54
54
93
97
94
94
95
95
96
95
95
95
95
97
97
97
97
97
96
96
98
98
96
99
84
96
103
93
93
100
100
100
101
101
101
90
99
102
102
54
54
103
103
103
103
103
79
82
104
104
104
78
79
