*Partition PartitionName
*Vertices 359
0
1
1
2
2
2
2
3
2
4
4
4
5
5
5
6
6
6
7
8
8
7
85
7
7
7
9
9
3
7
15
10
10
10
10
10
11
11
11
11
11
12
12
12
12
11
11
13
13
13
11
11
14
14
14
12
15
15
16
16
16
16
17
17
83
17
17
17
24
18
18
18
19
19
19
20
20
11
21
12
21
12
21
22
22
22
22
23
23
24
25
25
26
27
27
27
27
26
34
26
26
26
24
94
28
28
29
29
30
31
31
30
32
32
33
33
33
33
34
34
34
40
40
40
33
35
35
35
35
36
36
36
36
35
37
37
37
37
38
38
39
39
40
40
40
39
41
41
41
41
42
42
43
43
43
44
44
44
45
45
45
45
48
45
45
46
46
46
47
47
48
48
48
48
48
87
49
48
49
49
48
50
58
51
51
51
51
52
52
52
52
52
56
53
54
54
54
54
54
55
57
55
58
58
56
56
56
56
57
57
55
55
58
58
59
59
59
60
60
60
61
61
61
61
62
62
62
61
63
63
59
64
64
59
59
64
59
59
65
66
66
66
96
67
67
67
67
67
68
68
68
68
68
69
69
69
65
70
70
70
71
72
72
73
73
73
73
73
89
74
74
74
74
76
76
75
75
76
76
77
78
77
78
78
79
79
79
79
80
80
80
80
81
81
81
82
82
82
84
83
84
84
84
85
85
50
50
50
50
86
90
87
87
88
88
89
88
88
88
88
90
90
90
90
90
89
89
91
91
89
92
77
89
96
86
86
93
93
93
94
94
94
83
92
95
95
50
50
96
96
96
96
96
72
75
97
97
97
71
72
